0011000000000000
0011100000000000
0000100000000001
0000100000000010
0011100000000000
0000100000000011
0000100000000100
0011100000000000
0001000000000001
0001100000000001
0101100000001000
0000100000000001
0001100000000011
0110000000001000
0000100000000011
0101000000000000
0100100001001000
0001100000000101
1000100000000010
0000100000000101
0001100000000010
0101100000001000
0000100000000010
0001100000000100
0110000000001000
0000100000000100
0101000000000000
0100100001010000
0001100000000101
0100000000000000
0010100000000000

